AtoDChannel=-1
YScale=200 400 1000 6 10
Color=  0  64 128
ColorAlarm=255   0   0
ColorHole=  0 255   0
ColorTele=255 128   0
OrientationChar=Z
Latitude=37.375975
Longitude=-122.036908
Elevation=10    
Azimuth=105
Incident=0
MagitudeCorrection=0   
Sensitivity=2.98023223876953125e-07
SensorOutVolt=1   
AmpGain=1
ADInVolt=2.5
AdcGain=1
SensorType=0
Display=0
AutoSave=0
AutoSavePoint=0
AutoSaveNth=1
DcOffset=0
Invert=0
TcpSend=0
DisplayFiltered=0
AdcBits=24
FilterDelay=0
Trigger=0 0 100 4 2 100 998 10 30 2 65000 0
TeleDet=0 5 2 2 6 3 20 0.1 1000
Filter=0 2 2 0 0.1 2
ReplayFilter=0 2 2 0 0.1 2
GIFFilter=0 0.07 8 0 0.002 2
PeriodFilter=0 0.02 0.707 0.002 0.707
PeriodPostFilters=0 0.07 4 0 0.002 2
IntegrateFilter=0 0.01 2
IntegrateChannel=0
CompName=OEC
Network=AM
Location=Sunnyvale, CA
Information=AM.BKSVL.01.OEC  Yuma-2 v4.0. Centering Force
FileExtention=OEC1
SaveFormat=0
PolesZerosFile=
MiniSeedLoc=PN
MiniSeedNetId=01
