AtoDChannel=-1
YScale=200 450 10 299 10
Color=128 128  64
ColorAlarm=255   0   0
ColorHole=  0 255   0
ColorTele=255 128   0
OrientationChar=Z
Latitude=37.375975
Longitude=-122.036908
Elevation=10    
Azimuth=105
Incident=0
MagitudeCorrection=0   
Sensitivity=1.8855737257359058001e-07
SensorOutVolt=13.439999999999999503
AmpGain=0.0588
ADInVolt=2.5
AdcGain=2
SensorType=2
Display=1
AutoSave=0
AutoSavePoint=0
AutoSaveNth=1
DcOffset=0
Invert=0
TcpSend=0
DisplayFiltered=0
AdcBits=24
FilterDelay=0
Trigger=0 0 100 4 2 100 998 10 30 2 65000 0
TeleDet=0 5 2 2 6 3 20 0.1 1000
Filter=0 2 2 0 0.1 2
ReplayFilter=0 2 2 0 0.1 2
GIFFilter=1 10 8 1 0.002 2
PeriodFilter=0 4.5 0.707 1 0.707
PeriodPostFilters=1 20 4 1 0.002 1
IntegrateFilter=0 0.01 2
IntegrateChannel=0
CompName=BHZ
Network=AM
Location=Sunnyvale, CA
Information=AM.BKSVL.02.BHZ Yuma-2 v4.0. HP=0.002Hz LP=10Hz 20 um/s/line
FileExtention=BHZ2
SaveFormat=2
PolesZerosFile=
MiniSeedLoc=PN
MiniSeedNetId=02
