Channel=1
TitleBar=1
XScale=1 1
ViewPos=0 316 0 1451
ShowCmd=1
SaveFilePos=
PlotColorBk=255 255 255
FrameColorBk=196 196 196
TimeColor=  0   0 255
GridColor=  0   0 255
TitleColor=  0   0 255
YScaleColor=  0   0 255
YScaleFont="MS Sans Serif" -13 700 34 0 0
LabelFont="MS Sans Serif" -13 700 34 0 0
TimeFont="MS Sans Serif" -13 700 34 0 0
LocalTime=0
ScrollBars=1 0
ChanInfo1=8.38861e+06 1 0 -37
ChanInfo2=8.38861e+06 1 0 0
ChanInfo3=8.38e+06 1 0 -42
ChanInfo4=10 1e-06 1 -14
ChanInfo5=100 1 0 0
ChanInfo6=100 1 0 -2
ChanInfo7=100 1 0 13
ChanInfo8=100 0.1 0 1
ChanInfo9=100 0.1 0 1
ChanInfo10=100 0.1 0 1
ChanInfo11=100 0.1 0 1
ChanInfo12=100 0.1 0 1
